BASEPRICE:
  SIGN: 6.9300000000000015
  IRON_HELMET: 142.175
  IRON_SWORD: 57.86000000000001
  LOG: 0.5
  COOKED_MUTTON: 1.2
  SUGAR_CANE: 1.5
  FENCE_GATE: 5.940000000000001
  WATER: 0.2
  COOKED_BEEF: 2.5
  CAKE: 9.020000000000001
  WOOD_DOOR: 5.940000000000001
  CLAY: 3.0
  GOLD_PICKAXE: 1321.9800000000002
  SUGAR: 1.6500000000000001
  GOLD_INGOT: 400.0
  BREAD: 1.5
  WOOD_STAIRS: 3.5
  STONE_SWORD: 1.2100000000000002
  WOOD_AXE: 7.67
  DIAMOND_BOOTS: 2640.0
  STONE_AXE: 2.3100000000000005
  CARROT: 0.16
  DIAMOND_AXE: 1981.98
  PORK: 0.3
  STONE_HOE: 2.2
  ANVIL: 958.2595
  COOKED_FISH: 1.5
  RAW_FISH: 0.16
  SOIL: 0.3
  DIAMOND: 600.0
  SAND: 0.2
  CLAY_BALL: 1.5
  FEATHER: 0.5
  DIAMOND_SPADE: 661.98
  BOOKSHELF: 12.0
  WOOD_SWORD: 2.9700000000000006
  WOOD_HOE: 6.16
  REDSTONE_ORE: 3.0
  MILK_BUCKET: 1.0
  BROWN_MUSHROOM: 0.3
  COOKIE: 2.66
  FISHING_ROD: 2.9700000000000006
  LEATHER_CHESTPLATE: 44.0
  LAPIS_ORE: 10.0
  BOWL: 2.9700000000000006
  RABBIT: 0.5
  LEATHER: 5.0
  CHEST: 7.92
  WOOD_PICKAXE: 3.01
  LEATHER_LEGGINGS: 38.5
  EGG: 1.0
  DIAMOND_HOE: 1321.98
  COAL: 3.0
  BED_BLOCK: 3.5
  LEVER: 1.1
  SHEARS: 56.870000000000005
  FLINT: 1.0
  PISTON_STICKY_BASE: 46.5795
  COBBLESTONE: 0.1
  COOKED_RABBIT: 1.0
  LEATHER_BOOTS: 22.0
  FENCE: 5.940000000000001
  BED: 4.620000000000001
  REDSTONE: 5.0
  LEASH: 18.700000000000003
  EMERALD: 25.0
  GOLD_NUGGET: 44.0
  COMPASS: 119.24000000000001
  WOOL: 0.5
  RABBIT_STEW: 5.247000000000001
  GOLD_AXE: 1321.98
  GRILLED_PORK: 1.5
  STONE_SPADE: 2.0900000000000003
  IRON_CHESTPLATE: 227.48
  TORCH: 4.29
  WORKBENCH: 31.0
  STEP: 1.0
  WALL_SIGN: 7.0
  SIGN_POST: 7.0
  WOOD: 0.9
  GOLD_SWORD: 880.99
  DIAMOND_CHESTPLATE: 5280.0
  BOW: 12.870000000000001
  DIAMOND_PICKAXE: 1981.9800000000005
  RAW_CHICKEN: 0.83
  GRAVEL: 0.5
  SANDSTONE: 0.5
  IRON_SPADE: 30.415000000000006
  SLIME_BALL: 5.0
  STONE: 1.7
  IRON_LEGGINGS: 199.04500000000002
  IRON_PICKAXE: 87.28500000000001
  RED_MUSHROOM: 0.3
  DIAMOND_HELMET: 3300.0000000000005
  PISTON_BASE: 37.345
  IRON_BLOCK: 255.915
  WOODEN_DOOR: 31.0
  GRASS: 0.5
  GOLD_SPADE: 441.9800000000001
  IRON_AXE: 87.285
  IRON_BOOTS: 113.74000000000001
  WOOD_SPADE: 2.9700000000000006
  CLAY_BRICK: 2.0
  HAY_BLOCK: 2.9699999999999998
  STICK: 0.9
  BRICK: 0.79
  DIAMOND_LEGGINGS: 4620.0
  NETHERRACK: 0.1
  DIAMOND_SWORD: 1320.9900000000002
  IRON_HOE: 58.85
  GOLD_HOE: 881.98
  SEEDS: 0.2
  COOKED_CHICKEN: 1.5
  IRON_ORE: 15.0
  IRON_INGOT: 25.85
  FURNACE: 1.0
  NETHER_BRICK: 0.66
  CARROT_ITEM: 0.5
  STONE_PICKAXE: 2.3100000000000005
  WHEAT: 0.3
  MUTTON: 0.5
  LEATHER_HELMET: 27.500000000000004
  ARROW: 2.64
  DIRT: 0.2
  FLOWER_POT_ITEM: 6.6000000000000005
  RAW_BEEF: 2.5
  STRING: 3.0
